34
Pterygoplichthys_disjunctivus_KJ533242.1 0.0000000 0.0000010 0.0019032 0.0336439 0.0118993 0.0336439 0.0336439 0.0313252 0.0366832 0.0063361 0.0336439 0.0246123 0.0313252 0.0245349 0.0124899 0.0426921 0.0135149 0.0267850 0.0366832 0.0203855 0.0389831 0.0402389 0.0313252 0.0288556 0.0590137 0.0704895 0.0402389 0.0590137 0.1288956 0.0244580 0.0426921 0.0267850 0.0087696 0.0038191 
Pterygoplichthys_disjunctivus_KJ533243.1 0.0000010 0.0000000 0.0019032 0.0336439 0.0118993 0.0336439 0.0336439 0.0313252 0.0366832 0.0063361 0.0336439 0.0246123 0.0313252 0.0245349 0.0124899 0.0426921 0.0135149 0.0267850 0.0366832 0.0203855 0.0389831 0.0402389 0.0313252 0.0288556 0.0590137 0.0704895 0.0402389 0.0590137 0.1288956 0.0244580 0.0426921 0.0267850 0.0087696 0.0038191 
Pterygoplichthys_pardalis_KT239016       0.0019032 0.0019032 0.0000000 0.0425228 0.0156394 0.0425228 0.0425228 0.0400796 0.0467107 0.0091160 0.0425228 0.0314370 0.0400796 0.0313252 0.0165736 0.0545356 0.0170586 0.0335293 0.0467107 0.0263262 0.0495775 0.0512356 0.0400796 0.0365473 0.0787967 0.0893032 0.0512356 0.0787967 0.1602926 0.0312141 0.0545356 0.0335293 0.0118707 0.0061031 
MN589891.1                               0.0336439 0.0336439 0.0425228 0.0000000 0.0365473 0.0087504 0.0095209 0.0148291 0.0148291 0.0335293 0.0095209 0.0040770 0.0131251 0.0191220 0.0545356 0.0091160 0.0356992 0.0018996 0.0179932 0.0218138 0.0365473 0.0124580 0.0148291 0.0227511 0.0787967 0.1327434 0.1040286 0.0388404 0.2212496 0.0227511 0.0751352 0.0335293 0.0645806 0.0243816 
MN589892.1                               0.0118993 0.0118993 0.0156394 0.0365473 0.0000000 0.0267053 0.0267053 0.0118707 0.0203243 0.0061031 0.0267053 0.0214809 0.0179932 0.0203855 0.0039314 0.0249651 0.0269974 0.0287619 0.0148291 0.0113478 0.0495775 0.0267053 0.0091160 0.0087504 0.0400796 0.0751352 0.0312141 0.0400796 0.0893032 0.0218138 0.0288292 0.0179932 0.0091160 0.0179932 
MN589893.1                               0.0336439 0.0336439 0.0425228 0.0087504 0.0267053 0.0000000 0.0063227 0.0134851 0.0179932 0.0213669 0.0063227 0.0039469 0.0091160 0.0180396 0.0388404 0.0039237 0.0267053 0.0061031 0.0108555 0.0156394 0.0312141 0.0087504 0.0108789 0.0113221 0.0645806 0.0787967 0.0586972 0.0545356 0.1897616 0.0141173 0.0399213 0.0179470 0.0286687 0.0243816 
MN589894.1                               0.0336439 0.0336439 0.0425228 0.0095209 0.0267053 0.0063227 0.0000000 0.0134851 0.0084182 0.0243816 0.0000010 0.0019068 0.0091160 0.0084359 0.0335293 0.0084182 0.0425228 0.0065615 0.0162371 0.0156394 0.0227511 0.0063227 0.0108789 0.0170586 0.0450449 0.0787967 0.0478081 0.0388404 0.1741726 0.0113478 0.0467107 0.0162371 0.0388404 0.0243816 
MN589895.1                               0.0313252 0.0313252 0.0400796 0.0148291 0.0118707 0.0134851 0.0134851 0.0000000 0.0087504 0.0227511 0.0134851 0.0081473 0.0141173 0.0063361 0.0190691 0.0081145 0.0647959 0.0113478 0.0018465 0.0213669 0.0388404 0.0134851 0.0018465 0.0061031 0.0312141 0.0512356 0.0335293 0.0263262 0.0844339 0.0091160 0.0722021 0.0113478 0.0312141 0.0425228 
MN589896.1                               0.0366832 0.0366832 0.0467107 0.0148291 0.0203243 0.0179932 0.0084182 0.0087504 0.0000000 0.0263262 0.0084182 0.0113995 0.0227511 0.0040686 0.0263262 0.0201747 0.0991241 0.0190691 0.0113478 0.0335293 0.0450449 0.0179932 0.0063227 0.0118707 0.0365473 0.0595956 0.0388404 0.0190691 0.1280999 0.0065615 0.1040286 0.0113478 0.0312141 0.0495775 
MN589897.1                               0.0063361 0.0063361 0.0091160 0.0335293 0.0061031 0.0213669 0.0243816 0.0227511 0.0263262 0.0000000 0.0243816 0.0228824 0.0227511 0.0264166 0.0063227 0.0309814 0.0162371 0.0267053 0.0267053 0.0148291 0.0545356 0.0243816 0.0190691 0.0179932 0.0595956 0.0701306 0.0467107 0.0595956 0.1376780 0.0203243 0.0267053 0.0267053 0.0087504 0.0113478 
MN589898.1                               0.0336439 0.0336439 0.0425228 0.0095209 0.0267053 0.0063227 0.0000010 0.0134851 0.0084182 0.0243816 0.0000000 0.0019068 0.0091160 0.0084359 0.0335293 0.0084182 0.0425228 0.0065615 0.0162371 0.0156394 0.0227511 0.0063227 0.0108789 0.0170586 0.0450449 0.0787967 0.0478081 0.0388404 0.1741726 0.0113478 0.0467107 0.0162371 0.0388404 0.0243816 
MN589899.1                               0.0246123 0.0246123 0.0314370 0.0040770 0.0214809 0.0039469 0.0019068 0.0081473 0.0113995 0.0228824 0.0019068 0.0000000 0.0039469 0.0084536 0.0251029 0.0038264 0.0268653 0.0019068 0.0104977 0.0087890 0.0191753 0.0038264 0.0081473 0.0135450 0.0454188 0.0652777 0.0454188 0.0391269 0.1505210 0.0113995 0.0337594 0.0171410 0.0337594 0.0166694 
MN589900.1                               0.0313252 0.0313252 0.0400796 0.0131251 0.0179932 0.0091160 0.0091160 0.0141173 0.0227511 0.0227511 0.0091160 0.0039469 0.0000000 0.0141504 0.0170586 0.0087504 0.0335293 0.0095209 0.0170586 0.0091160 0.0341412 0.0039314 0.0113478 0.0108789 0.0701306 0.1040286 0.0545356 0.0595956 0.1999198 0.0148291 0.0267053 0.0170586 0.0267053 0.0218138 
MN589901.1                               0.0245349 0.0245349 0.0313252 0.0191220 0.0203855 0.0180396 0.0084359 0.0063361 0.0040686 0.0264166 0.0084359 0.0084536 0.0141504 0.0000000 0.0156812 0.0170997 0.0590137 0.0148661 0.0087696 0.0214238 0.0310784 0.0109024 0.0063361 0.0118993 0.0288556 0.0366832 0.0336439 0.0244580 0.0998119 0.0019032 0.0590137 0.0087696 0.0191220 0.0336439 
MN589902.1                               0.0124899 0.0124899 0.0165736 0.0545356 0.0039314 0.0388404 0.0335293 0.0190691 0.0263262 0.0063227 0.0335293 0.0251029 0.0170586 0.0156812 0.0000000 0.0356992 0.0249651 0.0425228 0.0227511 0.0108789 0.0545356 0.0179932 0.0156394 0.0148291 0.0512356 0.0701306 0.0341412 0.0512356 0.1127016 0.0165736 0.0201747 0.0190691 0.0063227 0.0190691 
MN589903.1                               0.0426921 0.0426921 0.0545356 0.0091160 0.0249651 0.0039237 0.0084182 0.0081145 0.0201747 0.0309814 0.0084182 0.0038264 0.0087504 0.0170997 0.0356992 0.0000000 0.0335293 0.0063227 0.0058883 0.0148291 0.0243816 0.0084182 0.0104545 0.0108555 0.0495775 0.0844339 0.0529503 0.0425228 0.1542340 0.0213669 0.0364124 0.0170176 0.0423549 0.0312141 
MN589904.1                               0.0135149 0.0135149 0.0170586 0.0356992 0.0269974 0.0267053 0.0425228 0.0647959 0.0991241 0.0162371 0.0425228 0.0268653 0.0335293 0.0590137 0.0249651 0.0335293 0.0000000 0.0288292 0.0529503 0.0227511 0.0425228 0.0365473 0.0647959 0.0411133 0.1488485 0.1602926 0.1040286 0.1488485 0.2986577 0.0586972 0.0287619 0.0450449 0.0213669 0.0084182 
MN589905.1                               0.0267850 0.0267850 0.0335293 0.0018996 0.0287619 0.0061031 0.0065615 0.0113478 0.0190691 0.0267053 0.0065615 0.0019068 0.0095209 0.0148661 0.0425228 0.0063227 0.0288292 0.0000000 0.0141173 0.0165736 0.0287619 0.0091160 0.0113478 0.0179932 0.0586972 0.1040286 0.0787967 0.0495775 0.1813356 0.0179932 0.0595956 0.0267053 0.0495775 0.0190691 
MN589906.1                               0.0366832 0.0366832 0.0467107 0.0179932 0.0148291 0.0108555 0.0162371 0.0018465 0.0113478 0.0267053 0.0162371 0.0104977 0.0170586 0.0087696 0.0227511 0.0058883 0.0529503 0.0141173 0.0000000 0.0249651 0.0388404 0.0162371 0.0038118 0.0039237 0.0312141 0.0512356 0.0335293 0.0263262 0.0844339 0.0118707 0.0583858 0.0087312 0.0262364 0.0495775 
MN589907.1                               0.0203855 0.0203855 0.0263262 0.0218138 0.0113478 0.0156394 0.0156394 0.0213669 0.0335293 0.0148291 0.0156394 0.0087890 0.0091160 0.0214238 0.0108789 0.0148291 0.0227511 0.0165736 0.0249651 0.0000000 0.0263262 0.0087504 0.0179932 0.0267053 0.0787967 0.1235860 0.0495775 0.0787967 0.1897616 0.0227511 0.0148291 0.0335293 0.0179932 0.0131251 
MN589908.1                               0.0389831 0.0389831 0.0495775 0.0365473 0.0495775 0.0312141 0.0227511 0.0388404 0.0450449 0.0545356 0.0227511 0.0191753 0.0341412 0.0310784 0.0545356 0.0243816 0.0425228 0.0287619 0.0388404 0.0263262 0.0000000 0.0263262 0.0388404 0.0495775 0.0162371 0.0450449 0.0170586 0.0191357 0.0511015 0.0425228 0.0483694 0.0335293 0.0645806 0.0287619 
MN589909.1                               0.0402389 0.0402389 0.0512356 0.0124580 0.0267053 0.0087504 0.0063227 0.0134851 0.0179932 0.0243816 0.0063227 0.0038264 0.0039314 0.0109024 0.0179932 0.0084182 0.0365473 0.0091160 0.0162371 0.0087504 0.0263262 0.0000000 0.0108789 0.0170586 0.0645806 0.0991241 0.0495775 0.0545356 0.1897616 0.0113478 0.0243816 0.0179932 0.0335293 0.0286734 
MN589910.1                               0.0313252 0.0313252 0.0400796 0.0148291 0.0091160 0.0108789 0.0108789 0.0018465 0.0063227 0.0190691 0.0108789 0.0081473 0.0113478 0.0063361 0.0156394 0.0104545 0.0647959 0.0113478 0.0038118 0.0179932 0.0388404 0.0108789 0.0000000 0.0039314 0.0312141 0.0595956 0.0287619 0.0263262 0.0844339 0.0065615 0.0586972 0.0087504 0.0263262 0.0425228 
MN589911.1                               0.0288556 0.0288556 0.0365473 0.0227511 0.0087504 0.0113221 0.0170586 0.0061031 0.0118707 0.0179932 0.0170586 0.0135450 0.0108789 0.0118993 0.0148291 0.0108555 0.0411133 0.0179932 0.0039237 0.0267053 0.0495775 0.0170586 0.0039314 0.0000000 0.0341412 0.0644478 0.0312141 0.0286734 0.0893032 0.0124580 0.0448606 0.0060908 0.0165261 0.0388404 
MN589912.1                               0.0590137 0.0590137 0.0787967 0.0787967 0.0400796 0.0645806 0.0450449 0.0312141 0.0365473 0.0595956 0.0450449 0.0454188 0.0701306 0.0288556 0.0512356 0.0495775 0.1488485 0.0586972 0.0312141 0.0787967 0.0162371 0.0645806 0.0312141 0.0341412 0.0000000 0.0263262 0.0084182 0.0063227 0.0356992 0.0400796 0.0844339 0.0312141 0.0595956 0.0934277 
MN589913.1                               0.0704895 0.0704895 0.0893032 0.1327434 0.0751352 0.0787967 0.0787967 0.0512356 0.0595956 0.0701306 0.0787967 0.0652777 0.1040286 0.0366832 0.0701306 0.0844339 0.1602926 0.1040286 0.0512356 0.1235860 0.0450449 0.0991241 0.0595956 0.0644478 0.0263262 0.0000000 0.0335293 0.0218138 0.0309814 0.0335293 0.1376780 0.0512356 0.0495775 0.1040286 
MN589914.1                               0.0402389 0.0402389 0.0512356 0.1040286 0.0312141 0.0586972 0.0478081 0.0335293 0.0388404 0.0467107 0.0478081 0.0454188 0.0545356 0.0336439 0.0341412 0.0529503 0.1040286 0.0787967 0.0335293 0.0495775 0.0170586 0.0495775 0.0287619 0.0312141 0.0084182 0.0335293 0.0000000 0.0179932 0.0388404 0.0365473 0.0545356 0.0243816 0.0341412 0.0545356 
MN589915.1                               0.0590137 0.0590137 0.0787967 0.0388404 0.0400796 0.0545356 0.0388404 0.0263262 0.0190691 0.0595956 0.0388404 0.0391269 0.0595956 0.0244580 0.0512356 0.0425228 0.1488485 0.0495775 0.0263262 0.0787967 0.0191357 0.0545356 0.0263262 0.0286734 0.0063227 0.0218138 0.0179932 0.0000000 0.0309814 0.0341412 0.1127016 0.0263262 0.0595956 0.0934277 
MN589916.1                               0.1288956 0.1288956 0.1602926 0.2212496 0.0893032 0.1897616 0.1741726 0.0844339 0.1280999 0.1376780 0.1741726 0.1505210 0.1999198 0.0998119 0.1127016 0.1542340 0.2986577 0.1813356 0.0844339 0.1897616 0.0511015 0.1897616 0.0844339 0.0893032 0.0356992 0.0309814 0.0388404 0.0309814 0.0000000 0.1327434 0.2283918 0.1040286 0.1127016 0.1813356 
MN589917.1                               0.0244580 0.0244580 0.0312141 0.0227511 0.0218138 0.0141173 0.0113478 0.0091160 0.0065615 0.0203243 0.0113478 0.0113995 0.0148291 0.0019032 0.0165736 0.0213669 0.0586972 0.0179932 0.0118707 0.0227511 0.0425228 0.0113478 0.0065615 0.0124580 0.0400796 0.0335293 0.0365473 0.0341412 0.1327434 0.0000000 0.0645806 0.0091160 0.0148291 0.0335293 
MN589918.1                               0.0426921 0.0426921 0.0545356 0.0751352 0.0288292 0.0399213 0.0467107 0.0722021 0.1040286 0.0267053 0.0467107 0.0337594 0.0267053 0.0590137 0.0201747 0.0364124 0.0287619 0.0595956 0.0583858 0.0148291 0.0483694 0.0243816 0.0586972 0.0448606 0.0844339 0.1376780 0.0545356 0.1127016 0.2283918 0.0645806 0.0000000 0.0423549 0.0266260 0.0312141 
MN589919.1                               0.0267850 0.0267850 0.0335293 0.0335293 0.0179932 0.0179470 0.0162371 0.0113478 0.0113478 0.0267053 0.0162371 0.0171410 0.0170586 0.0087696 0.0190691 0.0170176 0.0450449 0.0267053 0.0087312 0.0335293 0.0335293 0.0179932 0.0087504 0.0060908 0.0312141 0.0512356 0.0243816 0.0263262 0.1040286 0.0091160 0.0423549 0.0000000 0.0190164 0.0356992 
MN589920.1                               0.0087696 0.0087696 0.0118707 0.0645806 0.0091160 0.0286687 0.0388404 0.0312141 0.0312141 0.0087504 0.0388404 0.0337594 0.0267053 0.0191220 0.0063227 0.0423549 0.0213669 0.0495775 0.0262364 0.0179932 0.0645806 0.0335293 0.0263262 0.0165261 0.0595956 0.0495775 0.0341412 0.0595956 0.1127016 0.0148291 0.0266260 0.0190164 0.0000000 0.0141173 
Pterygoplichthys_disjunctivus_NC         0.0038191 0.0038191 0.0061031 0.0243816 0.0179932 0.0243816 0.0243816 0.0425228 0.0495775 0.0113478 0.0243816 0.0166694 0.0218138 0.0336439 0.0190691 0.0312141 0.0084182 0.0190691 0.0495775 0.0131251 0.0287619 0.0286734 0.0425228 0.0388404 0.0934277 0.1040286 0.0545356 0.0934277 0.1813356 0.0335293 0.0312141 0.0356992 0.0141173 0.0000000 
